YT0 run #1
 &cntrl
 nmol = 1,
 ihfree = 1,
 qwt = 0.00050,
 iqopt=1
 /
    1.0
Resp charges for organic molecule
    1   55
    6    0
    6    0    
    6    0    
    6    0
    6    0  
    6    0  
    6    0    
    7    0
    6    0    
    6    0    
    6    0    
    6    0    
    6    0    
    6    0    
    6    0    
    6    0    
    7    0    
    6    0            
    6   16    
    6   15  
    6   11  
    7    0  
    7    0
    7    0    
    7    0    
    7    0    
   16    0    
    7    0    
    1    0      
    1    0  
    1    0  
    1    0  
    1   32
    1    0    
    1   34    
    1    0    
    1   36    
    1    0    
    1   38    
    1   38    
    1   38    
    1   36    
    1   36    
    1   32    
    1   32    
    1    0    
    1    0
    1   47
    1   47            
    1    0    
    1   50    
    1   50    
    1    0    
    1   53
    1   54
    
